sample interval	   MLII	     V1
(0.0027777 sec)	   (mV)	   (mV)
              0	 -0.690	 -0.380
              1	 -0.690	 -0.380
              2	 -0.690	 -0.380
              3	 -0.690	 -0.380
              4	 -0.690	 -0.380
              5	 -0.690	 -0.380
              6	 -0.690	 -0.380
              7	 -0.670	 -0.380
              8	 -0.635	 -0.380
              9	 -0.600	 -0.385
             10	 -0.535	 -0.385
             11	 -0.420	 -0.350
             12	 -0.240	 -0.320
             13	  0.020	 -0.280
             14	  0.375	 -0.230
             15	  0.770	 -0.220
             16	  1.130	 -0.240
             17	  1.375	 -0.330
             18	  1.435	 -0.475
             19	  1.225	 -0.645
             20	  0.720	 -0.865
             21	  0.080	 -1.040
             22	 -0.560	 -1.160
             23	 -1.200	 -1.155
             24	 -1.685	 -1.070
             25	 -1.610	 -0.940
             26	 -1.355	 -0.800
             27	 -1.100	 -0.675
             28	 -0.910	 -0.580
             29	 -0.815	 -0.515
             30	 -0.790	 -0.490
             31	 -0.820	 -0.465
             32	 -0.845	 -0.450
             33	 -0.865	 -0.440
             34	 -0.865	 -0.430
             35	 -0.870	 -0.420
             36	 -0.870	 -0.415
             37	 -0.870	 -0.400
             38	 -0.865	 -0.385
             39	 -0.865	 -0.370
             40	 -0.870	 -0.360
             41	 -0.855	 -0.345
             42	 -0.860	 -0.350
             43	 -0.860	 -0.355
             44	 -0.860	 -0.355
             45	 -0.865	 -0.365
             46	 -0.865	 -0.360
             47	 -0.870	 -0.355
             48	 -0.860	 -0.345
             49	 -0.850	 -0.360
             50	 -0.855	 -0.345
             51	 -0.820	 -0.340
             52	 -0.815	 -0.345
             53	 -0.815	 -0.320
             54	 -0.815	 -0.330
             55	 -0.815	 -0.325
             56	 -0.805	 -0.335
             57	 -0.795	 -0.325
             58	 -0.790	 -0.340
             59	 -0.800	 -0.350
             60	 -0.800	 -0.345
             61	 -0.790	 -0.345
             62	 -0.775	 -0.335
             63	 -0.775	 -0.325
             64	 -0.765	 -0.315
             65	 -0.755	 -0.310
             66	 -0.750	 -0.305
             67	 -0.745	 -0.315
             68	 -0.740	 -0.335
             69	 -0.735	 -0.340
             70	 -0.735	 -0.335
             71	 -0.740	 -0.335
             72	 -0.755	 -0.320
             73	 -0.740	 -0.325
             74	 -0.730	 -0.310
             75	 -0.720	 -0.305
             76	 -0.710	 -0.320
             77	 -0.695	 -0.315
             78	 -0.690	 -0.320
             79	 -0.675	 -0.315
             80	 -0.675	 -0.330
             81	 -0.680	 -0.320
             82	 -0.675	 -0.320
             83	 -0.670	 -0.320
             84	 -0.670	 -0.325
             85	 -0.670	 -0.325
             86	 -0.655	 -0.315
             87	 -0.650	 -0.315
             88	 -0.635	 -0.305
             89	 -0.630	 -0.300
             90	 -0.620	 -0.300
             91	 -0.615	 -0.305
             92	 -0.605	 -0.305
             93	 -0.595	 -0.320
             94	 -0.600	 -0.315
             95	 -0.595	 -0.320
             96	 -0.595	 -0.320
             97	 -0.590	 -0.300
             98	 -0.580	 -0.290
             99	 -0.575	 -0.285
            100	 -0.565	 -0.275
            101	 -0.550	 -0.280
            102	 -0.550	 -0.295
            103	 -0.550	 -0.305
            104	 -0.550	 -0.310
            105	 -0.560	 -0.310
            106	 -0.550	 -0.320
            107	 -0.555	 -0.315
            108	 -0.555	 -0.315
            109	 -0.545	 -0.310
            110	 -0.520	 -0.315
            111	 -0.490	 -0.310
            112	 -0.465	 -0.300
            113	 -0.470	 -0.305
            114	 -0.460	 -0.315
            115	 -0.460	 -0.320
            116	 -0.445	 -0.325
            117	 -0.440	 -0.330
            118	 -0.440	 -0.355
            119	 -0.420	 -0.350
            120	 -0.410	 -0.360
            121	 -0.420	 -0.370
            122	 -0.415	 -0.360
            123	 -0.420	 -0.350
            124	 -0.425	 -0.360
            125	 -0.430	 -0.355
            126	 -0.445	 -0.375
            127	 -0.460	 -0.365
            128	 -0.480	 -0.385
            129	 -0.495	 -0.405
            130	 -0.515	 -0.405
            131	 -0.545	 -0.410
            132	 -0.550	 -0.395
            133	 -0.580	 -0.400
            134	 -0.590	 -0.380
            135	 -0.595	 -0.385
            136	 -0.600	 -0.380
            137	 -0.610	 -0.380
            138	 -0.625	 -0.390
            139	 -0.645	 -0.395
            140	 -0.660	 -0.405
            141	 -0.670	 -0.395
            142	 -0.685	 -0.395
            143	 -0.685	 -0.400
            144	 -0.695	 -0.400
            145	 -0.695	 -0.395
            146	 -0.695	 -0.390
            147	 -0.690	 -0.385
            148	 -0.695	 -0.375
            149	 -0.685	 -0.370
            150	 -0.700	 -0.375
            151	 -0.700	 -0.385
            152	 -0.700	 -0.390
            153	 -0.705	 -0.400
            154	 -0.705	 -0.405
            155	 -0.715	 -0.420
            156	 -0.715	 -0.415
            157	 -0.715	 -0.405
            158	 -0.715	 -0.380
            159	 -0.710	 -0.365
            160	 -0.700	 -0.360
            161	 -0.685	 -0.365
            162	 -0.680	 -0.370
            163	 -0.685	 -0.375
            164	 -0.685	 -0.405
            165	 -0.685	 -0.400
            166	 -0.690	 -0.400
            167	 -0.695	 -0.410
            168	 -0.680	 -0.390
            169	 -0.670	 -0.385
            170	 -0.650	 -0.385
            171	 -0.650	 -0.380
            172	 -0.645	 -0.365
            173	 -0.625	 -0.350
            174	 -0.635	 -0.370
            175	 -0.640	 -0.365
            176	 -0.640	 -0.380
            177	 -0.640	 -0.385
            178	 -0.630	 -0.400
            179	 -0.645	 -0.400
            180	 -0.640	 -0.400
            181	 -0.645	 -0.390
            182	 -0.635	 -0.370
            183	 -0.635	 -0.365
            184	 -0.625	 -0.365
            185	 -0.615	 -0.365
            186	 -0.615	 -0.365
            187	 -0.610	 -0.380
            188	 -0.620	 -0.395
            189	 -0.640	 -0.405
            190	 -0.640	 -0.410
            191	 -0.650	 -0.400
            192	 -0.650	 -0.395
            193	 -0.650	 -0.380
            194	 -0.645	 -0.375
            195	 -0.640	 -0.385
            196	 -0.645	 -0.385
            197	 -0.635	 -0.375
            198	 -0.645	 -0.390
            199	 -0.650	 -0.390
            200	 -0.655	 -0.390
            201	 -0.655	 -0.385
            202	 -0.680	 -0.405
            203	 -0.670	 -0.405
            204	 -0.680	 -0.400
            205	 -0.680	 -0.395
            206	 -0.680	 -0.385
            207	 -0.675	 -0.365
            208	 -0.670	 -0.360
            209	 -0.675	 -0.360
            210	 -0.670	 -0.370
            211	 -0.675	 -0.380
            212	 -0.675	 -0.395
            213	 -0.675	 -0.395
            214	 -0.685	 -0.395
            215	 -0.700	 -0.410
            216	 -0.705	 -0.395
            217	 -0.695	 -0.390
            218	 -0.705	 -0.385
            219	 -0.695	 -0.365
            220	 -0.690	 -0.370
            221	 -0.680	 -0.370
            222	 -0.685	 -0.380
            223	 -0.685	 -0.390
            224	 -0.690	 -0.395
            225	 -0.700	 -0.400
            226	 -0.705	 -0.400
            227	 -0.715	 -0.405
            228	 -0.725	 -0.400
            229	 -0.730	 -0.400
            230	 -0.725	 -0.390
            231	 -0.705	 -0.395
            232	 -0.710	 -0.385
            233	 -0.705	 -0.365
            234	 -0.705	 -0.370
            235	 -0.695	 -0.375
            236	 -0.710	 -0.395
            237	 -0.715	 -0.405
            238	 -0.720	 -0.405
            239	 -0.725	 -0.405
            240	 -0.730	 -0.400
            241	 -0.740	 -0.395
            242	 -0.730	 -0.380
            243	 -0.725	 -0.380
            244	 -0.730	 -0.370
            245	 -0.715	 -0.365
            246	 -0.720	 -0.380
            247	 -0.720	 -0.375
            248	 -0.710	 -0.385
            249	 -0.730	 -0.400
            250	 -0.755	 -0.405
            251	 -0.750	 -0.405
            252	 -0.750	 -0.405
            253	 -0.735	 -0.400
            254	 -0.740	 -0.385
            255	 -0.725	 -0.380
            256	 -0.725	 -0.365
            257	 -0.715	 -0.370
            258	 -0.710	 -0.380
            259	 -0.710	 -0.385
            260	 -0.710	 -0.390
            261	 -0.715	 -0.400
            262	 -0.710	 -0.405
            263	 -0.715	 -0.410
            264	 -0.710	 -0.395
            265	 -0.710	 -0.390
            266	 -0.700	 -0.370
            267	 -0.670	 -0.360
            268	 -0.655	 -0.355
            269	 -0.630	 -0.355
            270	 -0.620	 -0.360
            271	 -0.605	 -0.355
            272	 -0.605	 -0.345
            273	 -0.605	 -0.335
            274	 -0.600	 -0.330
            275	 -0.590	 -0.340
            276	 -0.580	 -0.350
            277	 -0.570	 -0.365
            278	 -0.570	 -0.380
            279	 -0.580	 -0.400
            280	 -0.605	 -0.415
            281	 -0.600	 -0.420
            282	 -0.610	 -0.410
            283	 -0.620	 -0.425
            284	 -0.615	 -0.430
            285	 -0.635	 -0.425
            286	 -0.640	 -0.435
            287	 -0.650	 -0.430
            288	 -0.660	 -0.420
            289	 -0.670	 -0.405
            290	 -0.690	 -0.380
            291	 -0.695	 -0.375
            292	 -0.700	 -0.370
            293	 -0.700	 -0.365
            294	 -0.700	 -0.385
            295	 -0.710	 -0.395
            296	 -0.715	 -0.405
            297	 -0.720	 -0.405
            298	 -0.725	 -0.420
            299	 -0.725	 -0.420
            300	 -0.725	 -0.420
            301	 -0.730	 -0.405
            302	 -0.705	 -0.400
            303	 -0.695	 -0.390
            304	 -0.680	 -0.375
            305	 -0.630	 -0.380
            306	 -0.590	 -0.365
            307	 -0.515	 -0.340
            308	 -0.360	 -0.300
            309	 -0.100	 -0.260
            310	  0.245	 -0.220
            311	  0.675	 -0.215
            312	  1.070	 -0.250
            313	  1.355	 -0.345
            314	  1.450	 -0.470
            315	  1.300	 -0.655
            316	  0.860	 -0.835
            317	  0.220	 -1.020
            318	 -0.420	 -1.150
            319	 -1.060	 -1.200
            320	 -1.485	 -1.170
            321	 -1.520	 -1.070
            322	 -1.345	 -0.950
            323	 -1.115	 -0.835
            324	 -0.940	 -0.720
            325	 -0.825	 -0.625
            326	 -0.815	 -0.560
            327	 -0.830	 -0.515
            328	 -0.835	 -0.480
            329	 -0.845	 -0.450
            330	 -0.835	 -0.435
            331	 -0.840	 -0.415
            332	 -0.835	 -0.395
            333	 -0.830	 -0.400
            334	 -0.840	 -0.390
            335	 -0.845	 -0.390
            336	 -0.860	 -0.385
            337	 -0.865	 -0.380
            338	 -0.855	 -0.375
            339	 -0.875	 -0.345
            340	 -0.865	 -0.335
            341	 -0.850	 -0.320
            342	 -0.845	 -0.325
            343	 -0.845	 -0.335
            344	 -0.850	 -0.350
            345	 -0.840	 -0.365
            346	 -0.840	 -0.360
            347	 -0.845	 -0.360
            348	 -0.840	 -0.345
            349	 -0.835	 -0.340
            350	 -0.830	 -0.325
            351	 -0.815	 -0.330
            352	 -0.805	 -0.310
            353	 -0.795	 -0.315
            354	 -0.775	 -0.325
            355	 -0.785	 -0.330
            356	 -0.800	 -0.330
            357	 -0.795	 -0.330
            358	 -0.795	 -0.335
            359	 -0.790	 -0.340
