sample interval	   MLII	     V1
(0.0027777 sec)	   (mV)	   (mV)
              0	 -0.155	 -0.095
              1	 -0.155	 -0.095
              2	 -0.155	 -0.095
              3	 -0.155	 -0.095
              4	 -0.155	 -0.095
              5	 -0.155	 -0.095
              6	 -0.155	 -0.095
              7	 -0.155	 -0.095
              8	 -0.170	 -0.105
              9	 -0.175	 -0.130
             10	 -0.195	 -0.140
             11	 -0.220	 -0.125
             12	 -0.210	 -0.085
             13	 -0.215	 -0.055
             14	 -0.240	 -0.030
             15	 -0.260	 -0.030
             16	 -0.265	 -0.035
             17	 -0.270	 -0.055
             18	 -0.280	 -0.065
             19	 -0.290	 -0.070
             20	 -0.285	 -0.060
             21	 -0.300	 -0.045
             22	 -0.305	 -0.050
             23	 -0.320	 -0.060
             24	 -0.345	 -0.015
             25	 -0.340	  0.015
             26	 -0.325	  0.060
             27	 -0.305	  0.075
             28	 -0.305	  0.050
             29	 -0.310	  0.015
             30	 -0.320	  0.000
             31	 -0.320	  0.040
             32	 -0.310	  0.080
             33	 -0.315	  0.100
             34	 -0.340	  0.095
             35	 -0.360	  0.060
             36	 -0.375	  0.070
             37	 -0.355	  0.080
             38	 -0.350	  0.100
             39	 -0.335	  0.095
             40	 -0.345	  0.060
             41	 -0.365	  0.045
             42	 -0.400	  0.050
             43	 -0.400	  0.075
             44	 -0.365	  0.070
             45	 -0.370	  0.055
             46	 -0.340	  0.045
             47	 -0.355	  0.045
             48	 -0.350	  0.045
             49	 -0.355	  0.040
             50	 -0.370	  0.035
             51	 -0.370	  0.025
             52	 -0.355	  0.020
             53	 -0.350	  0.000
             54	 -0.355	  0.000
             55	 -0.355	  0.005
             56	 -0.375	  0.005
             57	 -0.385	  0.020
             58	 -0.405	  0.015
             59	 -0.435	  0.025
             60	 -0.415	  0.005
             61	 -0.355	 -0.005
             62	 -0.300	 -0.010
             63	 -0.275	 -0.005
             64	 -0.275	 -0.005
             65	 -0.270	  0.010
             66	 -0.270	  0.035
             67	 -0.265	  0.075
             68	 -0.265	  0.085
             69	 -0.260	  0.085
             70	 -0.250	  0.065
             71	 -0.235	  0.025
             72	 -0.210	  0.015
             73	 -0.180	  0.010
             74	 -0.165	  0.030
             75	 -0.180	  0.055
             76	 -0.190	  0.070
             77	 -0.190	  0.065
             78	 -0.175	  0.055
             79	 -0.165	  0.035
             80	 -0.160	 -0.015
             81	 -0.180	 -0.105
             82	 -0.230	 -0.170
             83	 -0.280	 -0.180
             84	 -0.310	 -0.145
             85	 -0.330	 -0.125
             86	 -0.325	 -0.125
             87	 -0.330	 -0.125
             88	 -0.335	 -0.170
             89	 -0.340	 -0.195
             90	 -0.345	 -0.215
             91	 -0.330	 -0.220
             92	 -0.350	 -0.210
             93	 -0.355	 -0.200
             94	 -0.385	 -0.220
             95	 -0.405	 -0.210
             96	 -0.430	 -0.195
             97	 -0.430	 -0.160
             98	 -0.400	 -0.145
             99	 -0.400	 -0.170
            100	 -0.390	 -0.185
            101	 -0.380	 -0.200
            102	 -0.370	 -0.210
            103	 -0.355	 -0.230
            104	 -0.365	 -0.215
            105	 -0.345	 -0.195
            106	 -0.345	 -0.230
            107	 -0.390	 -0.270
            108	 -0.410	 -0.290
            109	 -0.415	 -0.275
            110	 -0.425	 -0.255
            111	 -0.390	 -0.240
            112	 -0.385	 -0.245
            113	 -0.395	 -0.240
            114	 -0.410	 -0.250
            115	 -0.405	 -0.255
            116	 -0.435	 -0.240
            117	 -0.435	 -0.240
            118	 -0.410	 -0.215
            119	 -0.380	 -0.200
            120	 -0.370	 -0.175
            121	 -0.360	 -0.155
            122	 -0.360	 -0.130
            123	 -0.390	 -0.130
            124	 -0.390	 -0.125
            125	 -0.375	 -0.095
            126	 -0.345	 -0.070
            127	 -0.325	 -0.070
            128	 -0.330	 -0.075
            129	 -0.335	 -0.090
            130	 -0.335	 -0.115
            131	 -0.360	 -0.085
            132	 -0.370	 -0.065
            133	 -0.350	 -0.040
            134	 -0.290	 -0.050
            135	 -0.230	 -0.080
            136	 -0.185	 -0.075
            137	 -0.205	 -0.085
            138	 -0.265	 -0.055
            139	 -0.285	 -0.015
            140	 -0.270	 -0.005
            141	 -0.280	 -0.030
            142	 -0.315	 -0.060
            143	 -0.365	 -0.070
            144	 -0.405	 -0.070
            145	 -0.430	 -0.185
            146	 -0.445	 -0.480
            147	 -0.450	 -0.865
            148	 -0.415	 -1.255
            149	 -0.375	 -1.690
            150	 -0.290	 -2.160
            151	 -0.225	 -2.570
            152	 -0.165	 -2.850
            153	 -0.140	 -2.945
            154	 -0.130	 -2.940
            155	 -0.115	 -2.830
            156	 -0.040	 -2.520
            157	  0.175	 -1.925
            158	  0.425	 -1.290
            159	  0.565	 -0.655
            160	  0.550	 -0.080
            161	  0.440	  0.020
            162	  0.330	  0.040
            163	  0.225	  0.065
            164	  0.105	  0.090
            165	 -0.005	  0.120
            166	 -0.085	  0.150
            167	 -0.175	  0.170
            168	 -0.210	  0.180
            169	 -0.225	  0.195
            170	 -0.220	  0.160
            171	 -0.235	  0.130
            172	 -0.235	  0.135
            173	 -0.235	  0.165
            174	 -0.210	  0.235
            175	 -0.180	  0.275
            176	 -0.200	  0.250
            177	 -0.185	  0.220
            178	 -0.225	  0.200
            179	 -0.245	  0.185
            180	 -0.255	  0.190
            181	 -0.260	  0.210
            182	 -0.245	  0.215
            183	 -0.235	  0.220
            184	 -0.230	  0.210
            185	 -0.225	  0.190
            186	 -0.225	  0.180
            187	 -0.240	  0.190
            188	 -0.225	  0.175
            189	 -0.210	  0.175
            190	 -0.210	  0.205
            191	 -0.200	  0.225
            192	 -0.190	  0.220
            193	 -0.165	  0.215
            194	 -0.150	  0.200
            195	 -0.170	  0.185
            196	 -0.195	  0.175
            197	 -0.200	  0.155
            198	 -0.205	  0.165
            199	 -0.175	  0.190
            200	 -0.150	  0.195
            201	 -0.130	  0.200
            202	 -0.120	  0.200
            203	 -0.120	  0.205
            204	 -0.145	  0.205
            205	 -0.140	  0.210
            206	 -0.115	  0.210
            207	 -0.115	  0.200
            208	 -0.105	  0.180
            209	 -0.110	  0.160
            210	 -0.110	  0.180
            211	 -0.100	  0.175
            212	 -0.100	  0.160
            213	 -0.115	  0.150
            214	 -0.115	  0.130
            215	 -0.105	  0.135
            216	 -0.075	  0.135
            217	 -0.045	  0.140
            218	 -0.030	  0.100
            219	 -0.020	  0.080
            220	 -0.025	  0.035
            221	 -0.060	 -0.005
            222	 -0.075	 -0.030
            223	 -0.065	 -0.005
            224	 -0.060	 -0.020
            225	 -0.055	 -0.015
            226	 -0.010	 -0.035
            227	  0.010	 -0.030
            228	  0.005	 -0.025
            229	 -0.010	 -0.020
            230	 -0.005	 -0.035
            231	 -0.015	 -0.050
            232	 -0.010	 -0.075
            233	 -0.020	 -0.120
            234	 -0.005	 -0.150
            235	  0.010	 -0.150
            236	 -0.010	 -0.145
            237	 -0.010	 -0.160
            238	  0.000	 -0.180
            239	 -0.025	 -0.210
            240	 -0.045	 -0.190
            241	 -0.055	 -0.175
            242	 -0.025	 -0.185
            243	  0.000	 -0.205
            244	  0.010	 -0.225
            245	  0.000	 -0.235
            246	 -0.035	 -0.240
            247	 -0.045	 -0.235
            248	 -0.075	 -0.200
            249	 -0.130	 -0.195
            250	 -0.135	 -0.195
            251	 -0.110	 -0.215
            252	 -0.105	 -0.205
            253	 -0.095	 -0.190
            254	 -0.130	 -0.165
            255	 -0.175	 -0.170
            256	 -0.200	 -0.185
            257	 -0.220	 -0.220
            258	 -0.245	 -0.205
            259	 -0.240	 -0.170
            260	 -0.225	 -0.145
            261	 -0.230	 -0.135
            262	 -0.235	 -0.135
            263	 -0.245	 -0.145
            264	 -0.265	 -0.135
            265	 -0.290	 -0.130
            266	 -0.310	 -0.105
            267	 -0.305	 -0.105
            268	 -0.320	 -0.110
            269	 -0.310	 -0.095
            270	 -0.295	 -0.075
            271	 -0.275	 -0.045
            272	 -0.290	 -0.025
            273	 -0.320	 -0.030
            274	 -0.350	 -0.060
            275	 -0.350	 -0.075
            276	 -0.355	 -0.060
            277	 -0.340	 -0.035
            278	 -0.345	 -0.005
            279	 -0.320	 -0.005
            280	 -0.340	 -0.010
            281	 -0.375	 -0.015
            282	 -0.375	 -0.005
            283	 -0.375	  0.030
            284	 -0.345	  0.040
            285	 -0.340	  0.040
            286	 -0.340	  0.035
            287	 -0.365	  0.025
            288	 -0.380	  0.030
            289	 -0.405	  0.060
            290	 -0.415	  0.075
            291	 -0.410	  0.090
            292	 -0.410	  0.065
            293	 -0.435	  0.035
            294	 -0.435	  0.040
            295	 -0.415	  0.080
            296	 -0.400	  0.105
            297	 -0.385	  0.120
            298	 -0.400	  0.105
            299	 -0.420	  0.065
            300	 -0.450	  0.030
            301	 -0.455	  0.050
            302	 -0.465	  0.075
            303	 -0.460	  0.095
            304	 -0.450	  0.070
            305	 -0.425	  0.045
            306	 -0.415	  0.055
            307	 -0.400	  0.070
            308	 -0.395	  0.080
            309	 -0.410	  0.075
            310	 -0.425	  0.040
            311	 -0.450	  0.020
            312	 -0.455	  0.025
            313	 -0.440	  0.025
            314	 -0.425	  0.020
            315	 -0.415	  0.020
            316	 -0.400	  0.010
            317	 -0.430	  0.015
            318	 -0.430	  0.025
            319	 -0.430	  0.035
            320	 -0.420	  0.040
            321	 -0.420	  0.035
            322	 -0.420	  0.000
            323	 -0.395	 -0.025
            324	 -0.385	 -0.005
            325	 -0.345	 -0.005
            326	 -0.320	 -0.015
            327	 -0.310	 -0.030
            328	 -0.310	 -0.020
            329	 -0.315	 -0.035
            330	 -0.325	 -0.005
            331	 -0.345	  0.030
            332	 -0.340	  0.070
            333	 -0.315	  0.070
            334	 -0.280	  0.075
            335	 -0.305	  0.075
            336	 -0.330	  0.080
            337	 -0.385	  0.095
            338	 -0.395	  0.115
            339	 -0.385	  0.110
            340	 -0.360	  0.060
            341	 -0.355	 -0.015
            342	 -0.370	 -0.045
            343	 -0.375	 -0.065
            344	 -0.395	 -0.090
            345	 -0.390	 -0.115
            346	 -0.390	 -0.155
            347	 -0.405	 -0.185
            348	 -0.415	 -0.175
            349	 -0.435	 -0.155
            350	 -0.420	 -0.150
            351	 -0.440	 -0.155
            352	 -0.470	 -0.180
            353	 -0.505	 -0.195
            354	 -0.530	 -0.195
            355	 -0.505	 -0.175
            356	 -0.480	 -0.170
            357	 -0.490	 -0.175
            358	 -0.490	 -0.190
            359	 -0.510	 -0.220
